1744408446667 0.38014 0
1744408519024 0.51893 1
1744408592417 0.52953 2
1744408665957 0.64094 3
1744408738660 0.69166 4
1744408809529 0.58376 5
1744408878634 0.58887 6
1744408952742 0.64059 7
1744409021104 0.69403 8
1744409096841 0.67238 9
1744409167886 0.60492 10
1744409241846 0.78777 11
1744409317834 0.65482 12
1744409393565 0.5774 13
1744409464221 0.60387 14
1744409533161 0.69348 15
1744409602148 0.69889 16
1744409670877 0.65432 17
1744409739977 0.70761 18
1744409808099 0.72141 19
1744409812213 0.787707407616708 19
