1744408446667 0.2061 0
1744408519024 0.27968 1
1744408592417 0.24387 2
1744408665957 0.37989 3
1744408738660 0.38007 4
1744408809529 0.32423 5
1744408878634 0.32886 6
1744408952742 0.31277 7
1744409021104 0.35219 8
1744409096841 0.33432 9
1744409167886 0.33722 10
1744409241846 0.4212 11
1744409317834 0.33864 12
1744409393565 0.30991 13
1744409464221 0.37888 14
1744409533161 0.38582 15
1744409602148 0.36246 16
1744409670877 0.36813 17
1744409739977 0.39489 18
1744409808099 0.39995 19
1744409812213 0.42098128375230476 19
