1744408446667 0.38025 0
1744408519024 0.45209 1
1744408592417 0.42902 2
1744408665957 0.5865 3
1744408738660 0.59828 4
1744408809529 0.52429 5
1744408878634 0.5822 6
1744408952742 0.70329 7
1744409021104 0.64094 8
1744409096841 0.67725 9
1744409167886 0.75834 10
1744409241846 0.73394 11
1744409317834 0.65341 12
1744409393565 0.76762 13
1744409464221 0.56348 14
1744409533161 0.74587 15
1744409602148 0.68844 16
1744409670877 0.63376 17
1744409739977 0.63526 18
1744409808099 0.65448 19
1744409812213 0.7330382345465711 19
