1744408446667 0.42614 0
1744408519024 0.70833 1
1744408592417 0.62879 2
1744408665957 0.64394 3
1744408738660 0.77083 4
1744408809529 0.75568 5
1744408878634 0.6572 6
1744408952742 0.56379 7
1744409021104 0.70455 8
1744409096841 0.67689 9
1744409167886 0.56818 10
1744409241846 0.76571 11
1744409317834 0.66188 12
1744409393565 0.49591 13
1744409464221 0.66217 14
1744409533161 0.64583 15
1744409602148 0.6746 16
1744409670877 0.62018 17
1744409739977 0.7178 18
1744409808099 0.71195 19
1744409812213 0.7662708353842761 19
