1744408442109 0.0005465573770491803 0
1744408515914 0.0010476639535519127 1
1744408589717 0.001493759530054645 2
1744408663739 0.0014194505000000002 3
1744408736769 0.0013369340000000001 4
1744408807324 0.0012544175 5
1744408876736 0.001171901 6
1744408950697 0.0010893845 7
1744409019181 0.001006868 8
1744409094890 0.0009243515000000001 9
1744409165227 0.0008418350000000001 10
1744409239709 0.0007593185 11
1744409315645 0.0006768020000000001 12
1744409391509 0.0005942855 13
1744409462233 0.0005117690000000001 14
1744409531138 0.00042925250000000004 15
1744409600208 0.00034673599999999994 16
1744409668906 0.00026421950000000006 17
1744409737920 0.00018170299999999996 18
1744409806057 9.918650000000008e-05 19
