1744378263484 0.0005465573770491803 0
1744378334874 0.0010476639535519127 1
1744378401963 0.001493759530054645 2
1744378468224 0.0014194505000000002 3
1744378534931 0.0013369340000000001 4
1744378600673 0.0012544175 5
1744378666264 0.001171901 6
1744378732091 0.0010893845 7
1744378797887 0.001006868 8
1744378863377 0.0009243515000000001 9
1744378928980 0.0008418350000000001 10
1744378994981 0.0007593185 11
1744379060916 0.0006768020000000001 12
1744379128914 0.0005942855 13
1744379196189 0.0005117690000000001 14
1744379263154 0.00042925250000000004 15
1744379329549 0.00034673599999999994 16
1744379396902 0.00026421950000000006 17
1744379463059 0.00018170299999999996 18
1744379529273 9.918650000000008e-05 19
