1744378267694 0.2061 0
1744378337230 0.27968 1
1744378403824 0.24387 2
1744378470145 0.37989 3
1744378536781 0.38007 4
1744378602504 0.32423 5
1744378668129 0.32886 6
1744378733964 0.31277 7
1744378799702 0.35219 8
1744378865217 0.33432 9
1744378930782 0.33722 10
1744378996799 0.4212 11
1744379062753 0.33864 12
1744379130836 0.30991 13
1744379198102 0.37888 14
1744379265009 0.38582 15
1744379331405 0.36246 16
1744379398740 0.36813 17
1744379464933 0.39489 18
1744379531192 0.39995 19
1744379535595 0.42098128375230476 19
