1744378267694 0.38014 0
1744378337230 0.51893 1
1744378403824 0.52953 2
1744378470145 0.64094 3
1744378536781 0.69166 4
1744378602504 0.58376 5
1744378668129 0.58887 6
1744378733964 0.64059 7
1744378799702 0.69403 8
1744378865217 0.67238 9
1744378930782 0.60492 10
1744378996799 0.78777 11
1744379062753 0.65482 12
1744379130836 0.5774 13
1744379198102 0.60387 14
1744379265009 0.69348 15
1744379331405 0.69889 16
1744379398740 0.65432 17
1744379464933 0.70761 18
1744379531192 0.72141 19
1744379535595 0.787707407616708 19
