1744378267694 0.38025 0
1744378337230 0.45209 1
1744378403824 0.42902 2
1744378470145 0.5865 3
1744378536781 0.59828 4
1744378602504 0.52429 5
1744378668129 0.5822 6
1744378733964 0.70329 7
1744378799702 0.64094 8
1744378865217 0.67725 9
1744378930782 0.75834 10
1744378996799 0.73394 11
1744379062753 0.65341 12
1744379130836 0.76762 13
1744379198102 0.56348 14
1744379265009 0.74587 15
1744379331405 0.68844 16
1744379398740 0.63376 17
1744379464933 0.63526 18
1744379531192 0.65448 19
1744379535595 0.7330382345465711 19
