1744378267694 0.42614 0
1744378337230 0.70833 1
1744378403824 0.62879 2
1744378470145 0.64394 3
1744378536781 0.77083 4
1744378602504 0.75568 5
1744378668129 0.6572 6
1744378733964 0.56379 7
1744378799702 0.70455 8
1744378865217 0.67689 9
1744378930782 0.56818 10
1744378996799 0.76571 11
1744379062753 0.66188 12
1744379130836 0.49591 13
1744379198102 0.66217 14
1744379265009 0.64583 15
1744379331405 0.6746 16
1744379398740 0.62018 17
1744379464933 0.7178 18
1744379531192 0.71195 19
1744379535595 0.7662708353842761 19
